[DASH_CAM]
POS=0.362823,1.12892,-0.0747888
EXP=30
